   3.9470861249   -0.4425790123    1.6467070828
   5.2815437787    1.4426663229   -0.1719462651
   4.6150220930    2.1950137800   -0.1719462651
   3.9470861249   -0.4425790123   -1.9905996131
   2.2402745854   -0.3760390840    1.9348295526
   1.7152745854    0.5332875900   -1.9838237953
   2.2402745854   -0.3760390840   -2.2651704474
   2.1866320876   -1.7005593644    1.8358907194
   3.2366320876   -1.7005593644    1.5545440674
   2.7116320876   -2.6098860384    1.5545440674
   3.2366320876   -1.7005593644   -2.0827626285
   2.7116320876   -2.6098860384   -2.0827626285
   2.1866320876   -1.7005593644   -2.3641092806
   0.9733242396   -2.1934923471    1.8713548973
   0.4483242396   -3.1028190211    1.5900082453
   1.4983242396   -3.1028190211    1.5900082453
   0.7145028826   -3.9936344262    0.8213548973
   1.7288201438   -3.8477976208    0.8213548973
   0.2286539769   -4.1570264567   -0.2286451027
   1.2264512682   -4.2781809827   -0.2286451027
   2.1662602078   -3.9217584655   -0.2286451027
   0.7145028826   -3.9936344262   -1.2786451027
   1.7288201438   -3.8477976208   -1.2786451027
  -0.0766757604   -2.1934923471   -2.0472984506
   0.4483242396   -3.1028190211   -2.0472984506
   1.4983242396   -3.1028190211   -2.0472984506
   0.9733242396   -2.1934923471   -2.3286451027
   0.1900433044   -1.1069363349    2.0029345804
   1.2400433044   -1.1069363349    1.7215879283
  -0.3349566956   -0.1976096609    1.7215879283
  -0.3349566956   -2.0162630089    1.7215879283
  -0.3349566956   -0.1976096609   -1.9157187676
  -0.3349566956   -2.0162630089   -1.9157187676
   0.1900433044   -1.1069363349   -2.1970654196
   0.9236323873    0.0337597650    2.0459179173
  -0.1263676127    0.0337597650    1.7645712653
   1.4486323873   -0.8755669089    1.7645712653
   1.4486323873    0.9430864390   -1.8727354306
  -0.1263676127    0.0337597650   -1.8727354306
   0.9236323873    0.0337597650   -2.1540820827
   0.3420770859    1.3357806203    2.1822235419
   1.3920770859    1.3357806203    1.9008768898
  -0.1829229141    2.2451072943    1.9008768898
  -0.1829229141    0.4264539464    1.9008768898
   1.3920770859    1.3357806203   -1.7364298061
  -0.1829229141    2.2451072943   -1.7364298061
   0.3420770859    1.3357806203   -2.0177764581
   0.9460864726    2.3739048822    2.0859038595
   1.9260864726    2.3739048822    1.8233136509
   1.4360864726    3.2226097779    1.8233136509
   0.4560864726    3.2226097779    1.8233136509
   2.3193198403    3.3716173247    1.1059038595
   1.4706149445    3.9882375251    1.1059038595
   0.4215580006    3.9882375251    1.1059038595
   2.6434962640    3.3539048822    0.1259038595
   1.9260864726    4.0713146736    0.1259038595
   0.9460864726    4.3339048822    0.1259038595
   2.3193198403    3.3716173247   -0.8540961405
   1.4706149445    3.9882375251   -0.8540961405
   0.4215580006    3.9882375251   -0.8540961405
   1.9260864726    2.3739048822   -1.5715059319
   1.4360864726    3.2226097779   -1.5715059319
   0.4560864726    3.2226097779   -1.5715059319
   0.9460864726    2.3739048822   -1.8340961405
  -1.0492517817    1.2704849114    2.2614706049
  -0.5242517817    2.1798115854    1.9801239528
  -0.5242517817    0.3611582374    1.9801239528
  -0.5242517817    2.1798115854   -1.6571827431
  -2.0992517817    1.2704849114   -1.6571827431
  -0.5242517817    0.3611582374   -1.6571827431
  -1.0492517817    1.2704849114   -1.9385293951
  -1.8232613182    0.1149693282    2.2197071609
  -0.7732613182    0.1149693282    1.9383605088
  -2.3482613182   -0.7943573458    1.9383605088
  -0.7732613182    0.1149693282   -1.6989461871
  -2.3482613182    1.0242960021   -1.6989461871
  -1.8232613182    0.1149693282   -1.9802928391
  -3.0178704418    0.1732777878    2.1572062518
  -3.5078704418    1.0219826835    1.8946160433
  -3.9978704418    0.1732777878    1.8946160433
  -3.5078704418   -0.6754271079    1.8946160433
  -4.3911038094    1.1709902303    1.1772062518
  -4.7152802332    0.1732777878    1.1772062518
  -4.3911038094   -0.8244346547    1.1772062518
  -3.9978704418    1.8706875793    0.1972062518
  -4.7152802332    1.1532777878    0.1972062518
  -4.9778704418    0.1732777878    0.1972062518
  -4.7152802332   -0.8067222122    0.1972062518
  -3.9978704418   -1.5241320036    0.1972062518
  -4.3911038094    1.1709902303   -0.7827937482
  -4.7152802332    0.1732777878   -0.7827937482
  -4.3911038094   -0.8244346547   -0.7827937482
  -3.5078704418    1.0219826835   -1.5002035396
  -3.9978704418    0.1732777878   -1.5002035396
  -3.5078704418   -0.6754271079   -1.5002035396
  -3.0178704418    0.1732777878   -1.7627937482
  -1.1763358852   -1.0877536601    2.0874127066
  -0.6513358852   -1.9970803340    1.8060660546
  -0.6513358852   -0.1784269861   -1.8312406413
  -0.6513358852   -1.9970803340   -1.8312406413
  -1.1763358852   -1.0877536601   -2.1125872934
  -0.9293373218   -2.3043246063    1.7619362674
  -2.2381586789   -4.1044666855    0.9932829194
  -4.0183151384   -2.8068875013   -0.0567170806
  -3.5512098929   -3.6968821886   -0.0567170806
  -2.7240075846   -4.2678587160   -0.0567170806
  -0.9293373218   -2.3043246063   -1.8753704285
  -1.4543373218   -3.2136512803   -1.8753704285
  -0.7508218610    2.5189217637    2.1221407053
  -1.2758218610    3.4282484377    2.1221407053
  -2.0596432180    4.3190638429    1.3534873574
  -2.5454921237    4.4824558733    0.3034873574
  -3.3726944321    3.9114793460    0.3034873574
  -3.8397996775    2.0163588687    0.3034873574
  -2.0596432180    4.3190638429   -0.7465126426
  -0.7508218610    2.5189217637   -1.5151659906
  -1.2758218610    3.4282484377   -1.5151659906
   5.2796530719   -0.1668072197    1.0851028638
   4.5973217099   -1.1059557702    1.0851028638
   5.8899487955   -0.1668072197    0.2451028638
   5.5161404679    0.8602227196    0.2451028638
   4.5696245560   -1.7403083754    0.2451028638
   5.5161404679   -1.1938371589    0.2451028638
   5.8899487955   -0.1668072197   -0.7931942373
   5.5161404679    0.8602227196   -0.7931942373
   5.5161404679   -1.1938371589   -0.7931942373
   5.2796530719   -0.1668072197   -1.6331942373
   4.5973217099   -1.1059557702   -1.6331942373
   4.6028044259    2.1884369023   -0.4789578300
   3.6562885141    2.7349081188   -0.4789578300
   4.9766127535    1.1614069631   -1.5172549311
   4.6028044259    2.1884369023   -1.5172549311
   3.6562885141    2.7349081188   -1.5172549311
   2.5799503325    2.5451206570   -1.5172549311
   1.8774204784    1.7078781796   -1.5172549311
   4.3663170300    1.1614069631   -2.3572549311
   3.6839856679    2.1005555136   -2.3572549311
   2.5799503325    1.7418326878   -2.3572549311
   2.5799503325    0.5809812383   -2.3572549311
   3.6839856679    0.2222584125   -2.3572549311
   3.3788378061    1.1614069631   -2.6781063806
   3.4854149906    1.0261377167    2.4300313469
   4.4728942145    1.0261377167    2.1091798975
   3.7905628524    1.9652862672    2.1091798975
   2.6865275169    1.6065634414    2.1091798975
   2.6865275169    0.4457119920    2.1091798975
   3.7905628524    0.0869891661    2.1091798975
   5.0831899380    1.0261377167    1.2691798975
   4.7093816104    2.0531676559    1.2691798975
   3.7628656985    2.5996388724    1.2691798975
   2.6865275169    2.4098514106    1.2691798975
   3.7628656985    2.5996388724    0.2308827964
   4.0592066361   -2.2960477767    0.9951845818
   3.3768752740   -3.2351963273    0.9951845818
   4.6695023596   -2.2960477767    0.1551845818
   3.3491781202   -3.8695489325    0.1551845818
   4.2956940321   -3.3230777160    0.1551845818
   4.6695023596   -2.2960477767   -0.8831125193
   3.3491781202   -3.8695489325   -0.8831125193
   4.2956940321   -3.3230777160   -0.8831125193
   4.0592066361   -2.2960477767   -1.7231125193
   3.3768752740   -3.2351963273   -1.7231125193
  -0.3205007901   -3.1406442810    1.1978773095
  -1.0028321522   -4.0797928316    1.1978773095
  -2.1068674877   -4.5243579750    0.3578773095
  -1.0305293060   -4.7141454368    0.3578773095
  -0.0840133942   -4.1676742203    0.3578773095
  -2.1068674877   -4.5243579750   -0.6804197916
  -1.0305293060   -4.7141454368   -0.6804197916
  -0.0840133942   -4.1676742203   -0.6804197916
  -1.0028321522   -4.0797928316   -1.5204197916
  -2.5542662430   -2.4022111846    2.5332480003
  -1.5667870191   -2.4022111846    2.2123965509
  -2.2491183812   -1.4630626340    2.2123965509
  -3.3531537167   -1.8217854599    2.2123965509
  -3.3531537167   -2.9826369093    2.2123965509
  -2.2491183812   -3.3413597351    2.2123965509
  -4.0556835707   -1.8557399681    1.3723965509
  -4.0556835707   -2.9486824011    1.3723965509
  -3.3531537167   -3.7859248786    1.3723965509
  -2.2768155351   -3.9757123403    1.3723965509
  -4.0556835707   -1.8557399681    0.3340994498
  -4.0556835707   -2.9486824011    0.3340994498
  -4.1616743573   -1.7223663084   -0.3761838819
  -4.1616743573   -2.8153087414   -0.3761838819
  -3.4591445032   -0.8851238310   -1.4144809830
  -4.1616743573   -1.7223663084   -1.4144809830
  -4.1616743573   -2.8153087414   -1.4144809830
  -3.4591445032   -3.6525512189   -1.4144809830
  -1.6727778057   -2.2688375249   -2.2544809830
  -2.3551091678   -1.3296889744   -2.2544809830
  -3.4591445032   -1.6884118002   -2.2544809830
  -3.4591445032   -2.8492632497   -2.2544809830
  -2.3551091678   -3.2079860755   -2.2544809830
  -2.6602570295   -2.2688375249   -2.5753324324
  -2.3746283810    2.5006516464    2.8989334045
  -1.3871491572    2.5006516464    2.5780819550
  -2.0694805193    3.4398001969    2.5780819550
  -3.1735158547    3.0810773711    2.5780819550
  -3.1735158547    1.9202259217    2.5780819550
  -2.0694805193    1.5615030958    2.5780819550
  -2.0971776731    4.0741528021    1.7380819550
  -3.1735158547    3.8843653404    1.7380819550
  -3.8760457088    3.0471228629    1.7380819550
  -3.8760457088    1.9541804299    1.7380819550
  -3.8760457088    3.0471228629    0.6997848539
  -3.8760457088    1.9541804299    0.6997848539
  -3.2801650202    4.0186951640   -0.0086848777
  -3.9826948743    3.1814526865   -0.0086848777
  -3.9826948743    2.0885102535   -0.0086848777
  -2.2038268386    4.2084826258   -1.0469819788
  -3.2801650202    4.0186951640   -1.0469819788
  -3.9826948743    3.1814526865   -1.0469819788
  -3.9826948743    2.0885102535   -1.0469819788
  -1.4937983227    2.6349814700   -1.8869819788
  -2.1761296848    3.5741300206   -1.8869819788
  -3.2801650202    3.2154071947   -1.8869819788
  -3.2801650202    2.0545557453   -1.8869819788
  -2.1761296848    1.6958329195   -1.8869819788
  -2.4812775466    2.6349814700   -2.2078334283
  -0.1058015439    3.3286819395    1.6817917102
  -0.7881329060    4.2678304900    1.6817917102
   0.1306858521    4.3557118787    0.8417917102
  -0.8158300598    4.9021830952    0.8417917102
  -1.8921682414    4.7123956334    0.8417917102
   0.1306858521    4.3557118787   -0.1965053909
  -0.8158300598    4.9021830952   -0.1965053909
  -1.8921682414    4.7123956334   -0.1965053909
  -0.7881329060    4.2678304900   -1.0365053909
   3.9427466118   -0.4350627552    1.9903790178
   5.2984816828    0.4667476616    1.3244292593
   4.2015690100   -1.2400817738    1.3244292593
   5.5301973984    1.4819605446    0.3621039763
   4.8809443908    2.2960980653    0.3621039763
   5.5301973984    1.4819605446   -0.7059965066
   3.9427466118   -0.4350627552   -2.3342715481
   2.2402745854   -0.3760390840    2.2348295526
   1.7196140984    0.5257713329   -2.3274957303
   2.2402745854   -0.3760390840   -2.5651704474
   2.1866320876   -1.7005593644    2.1358907194
   3.2279530615   -1.7005593644    1.8982160024
   2.7072925746   -2.6023697813    1.8982160024
   4.0630276455   -1.7005593644    1.2322662439
   2.9661149727   -3.4073887998    1.2322662439
   3.2279530615   -1.7005593644   -2.4264345635
   2.7072925746   -2.6023697813   -2.4264345635
   2.1866320876   -1.7005593644   -2.6641092806
   0.9733242396   -2.1934923471    2.1713548973
   0.4526637527   -3.0953027640    1.9336801803
   1.4939847266   -3.0953027640    1.9336801803
   0.7062853093   -4.0507889038    1.2677304218
   1.7528071247   -3.9003217825    1.2677304218
   0.4526637527   -4.4746549886    0.3054051388
   1.4939847266   -4.4746549886    0.3054051388
   2.4321825055   -4.0228427508    0.3054051388
   0.4526637527   -4.4746549886   -0.7626953442
   1.4939847266   -4.4746549886   -0.7626953442
  -0.2554535326   -3.6115774913   -1.7250206271
   0.7062853093   -4.0507889038   -1.7250206271
   1.7528071247   -3.9003217825   -1.7250206271
  -0.0679967342   -2.1934923471   -2.3909703856
   0.4526637527   -3.0953027640   -2.3909703856
   1.4939847266   -3.0953027640   -2.3909703856
   0.9733242396   -2.1934923471   -2.6286451027
   0.1900433044   -1.1069363349    2.3029345804
   1.2313642783   -1.1069363349    2.0652598633
  -0.3306171825   -0.2051259180    2.0652598633
  -0.3306171825   -2.0087467518    2.0652598633
  -0.3306171825   -0.2051259180   -2.2593907026
  -0.3306171825   -2.0087467518   -2.2593907026
   0.1900433044   -1.1069363349   -2.4970654196
   0.9236323873    0.0337597650    2.3459179173
  -0.1176885866    0.0337597650    2.1082432003
   1.4442928742   -0.8680506518    2.1082432003
   1.4442928742    0.9355701819   -2.2164073656
  -0.1176885866    0.0337597650   -2.2164073656
   0.9236323873    0.0337597650   -2.4540820827
   0.3420770859    1.3357806203    2.4822235419
   1.3833980598    1.3357806203    2.2445488249
  -0.1785834010    2.2375910372    2.2445488249
  -0.1785834010    0.4339702035    2.2445488249
   1.3833980598    1.3357806203   -2.0801017411
  -0.1785834010    2.2375910372   -2.0801017411
   0.3420770859    1.3357806203   -2.3177764581
   0.9460864726    2.3739048822    2.3659038595
   1.9179860482    2.3739048822    2.1440741236
   1.4320362604    3.2155946046    2.1440741236
   0.4601366848    3.2155946046    2.1440741236
   2.3629199741    3.4032946762    1.5225210157
   1.4872687138    4.0394925565    1.5225210157
   0.4049042314    4.0394925565    1.5225210157
   2.8797794521    3.3887852480    0.6243507516
   2.1866481502    4.1711687526    0.6243507516
   1.2093191184    4.5418207638    0.6243507516
   2.8797794521    3.3887852480   -0.3725430325
   2.1866481502    4.1711687526   -0.3725430325
   1.2093191184    4.5418207638   -0.3725430325
   2.3629199741    3.4032946762   -1.2707132966
   1.4872687138    4.0394925565   -1.2707132966
   0.4049042314    4.0394925565   -1.2707132966
   1.9179860482    2.3739048822   -1.8922664046
   1.4320362604    3.2155946046   -1.8922664046
   0.4601366848    3.2155946046   -1.8922664046
   0.9460864726    2.3739048822   -2.1140961405
  -1.0492517817    1.2704849114    2.5614706049
  -0.5285912948    2.1722953283    2.3237958878
  -0.5285912948    0.3686744945    2.3237958878
  -0.5285912948    2.1722953283   -2.0008546781
  -2.0905727556    1.2704849114   -2.0008546781
  -0.5285912948    0.3686744945   -2.0008546781
  -1.0492517817    1.2704849114   -2.2385293951
  -1.8232613182    0.1149693282    2.5197071609
  -0.7819403444    0.1149693282    2.2820324438
  -2.3439218052   -0.7868410887    2.2820324438
  -2.3439218052    1.0167797450   -2.0426181221
  -2.8645822921    0.1149693282   -2.0426181221
  -1.8232613182    0.1149693282   -2.2802928391
  -3.0178704418    0.1732777878    2.4372062518
  -3.5038202296    1.0149675103    2.2153765160
  -3.9897700174    0.1732777878    2.2153765160
  -3.5038202296   -0.6684119346    2.2153765160
  -4.4347039433    1.2026675818    1.5938234080
  -4.7691729625    0.1732777878    1.5938234080
  -4.4347039433   -0.8561120062    1.5938234080
  -4.6524970487    1.6214305946    0.6956531439
  -5.1382505865    0.6959045547    0.6956531439
  -5.1382505865   -0.3493489791    0.6956531439
  -4.6524970487   -1.2748750189    0.6956531439
  -4.6524970487    1.6214305946   -0.3012406402
  -5.1382505865    0.6959045547   -0.3012406402
  -5.1382505865   -0.3493489791   -0.3012406402
  -4.6524970487   -1.2748750189   -0.3012406402
  -4.4347039433    1.2026675818   -1.1994109043
  -4.7691729625    0.1732777878   -1.1994109043
  -4.4347039433   -0.8561120062   -1.1994109043
  -3.5038202296    1.0149675103   -1.8209640123
  -3.9897700174    0.1732777878   -1.8209640123
  -3.5038202296   -0.6684119346   -1.8209640123
  -3.0178704418    0.1732777878   -2.0427937482
  -1.1763358852   -1.0877536601    2.3874127066
  -0.6556753982   -1.9895640769    2.1497379896
  -0.6556753982   -0.1859432432   -2.1749125763
  -0.6556753982   -1.9895640769   -2.1749125763
  -1.1763358852   -1.0877536601   -2.4125872934
  -0.9380163479   -2.3043246063    2.1056082024
  -3.4381955877   -4.1336750100    0.4773331609
  -2.4999978087   -4.5854872478    0.4773331609
  -3.4381955877   -4.1336750100   -0.5907673221
  -2.4999978087   -4.5854872478   -0.5907673221
  -2.2463762521   -4.1616211630   -1.5530926050
  -0.9380163479   -2.3043246063   -2.2190423635
  -1.4586768348   -3.2061350232   -2.2190423635
  -0.7595008871    2.5189217637    2.4658126404
  -2.0678607913    4.3762183204    1.7998628819
  -2.3214823479    4.8000844052    0.8375375989
  -3.2596801269    4.3482721674    0.8375375989
  -2.3214823479    4.8000844052   -0.2305628841
  -1.2801613740    3.4207321806   -1.8588379256
   5.2521738481   -0.1668072197    1.3887230886
   4.7721738481   -0.9981916073    1.3887230886
   5.9549426234   -0.1668072197    0.6859543133
   5.6373820450    0.8105437444    0.6859543133
   4.8059976574   -1.7481942985    0.6859543133
   5.6373820450   -1.1441581838    0.6859543133
   6.2121738481   -0.1668072197   -0.2740456867
   5.9549426234    0.7931927803   -0.2740456867
   5.2521738481   -1.8295759950   -0.2740456867
   5.9549426234   -1.1268072197   -0.2740456867
   5.9549426234   -0.1668072197   -1.2340456867
   5.6373820450    0.8105437444   -1.2340456867
   4.8059976574   -1.7481942985   -1.2340456867
   5.6373820450   -1.1441581838   -1.2340456867
   5.2521738481   -0.1668072197   -1.9368144620
   4.7721738481   -0.9981916073   -1.9368144620
   5.0416065814    2.1214069631   -0.9981063806
   4.3388378061    2.8241757383   -0.9981063806
   3.3788378061    3.0814069631   -0.9981063806
   5.0416065814    1.1614069631   -1.9581063806
   4.7240460031    2.1387579271   -1.9581063806
   3.8926616154    2.7427940419   -1.9581063806
   2.8650139969    2.7427940419   -1.9581063806
   2.0336296092    2.1387579271   -1.9581063806
   4.3388378061    1.1614069631   -2.6608751559
   3.8588378061    1.9927913507   -2.6608751559
   2.8988378061    1.9927913507   -2.6608751559
   2.4188378061    1.1614069631   -2.6608751559
   2.8988378061    0.3300225754   -2.6608751559
   3.8588378061    0.3300225754   -2.6608751559
   3.3788378061    1.1614069631   -2.9181063806
   3.4854149906    1.0261377167    2.6700313469
   4.4454149906    1.0261377167    2.4128001222
   3.9654149906    1.8575221043    2.4128001222
   3.0054149906    1.8575221043    2.4128001222
   2.5254149906    1.0261377167    2.4128001222
   3.0054149906    0.1947533290    2.4128001222
   3.9654149906    0.1947533290    2.4128001222
   5.1481837659    1.0261377167    1.7100313469
   4.8306231875    2.0034886808    1.7100313469
   3.9992387999    2.6075247955    1.7100313469
   2.9715911813    2.6075247955    1.7100313469
   5.1481837659    1.9861377167    0.7500313469
   4.4454149906    2.6889064919    0.7500313469
   3.4854149906    2.9461377167    0.7500313469
   4.0317274123   -2.2960477767    1.2988048065
   3.5517274123   -3.1274321644    1.2988048065
   4.7344961875   -2.2960477767    0.5960360313
   3.5855512215   -3.8774348556    0.5960360313
   4.4169356092   -3.2733987408    0.5960360313
   4.9917274123   -2.2960477767   -0.3639639687
   3.0717274123   -4.2160477767   -0.3639639687
   4.0317274123   -3.9588165520   -0.3639639687
   4.7344961875   -3.2560477767   -0.3639639687
   4.7344961875   -2.2960477767   -1.3239639687
   2.5579036030   -3.8774348556   -1.3239639687
   3.5855512215   -3.8774348556   -1.3239639687
   4.4169356092   -3.2733987408   -1.3239639687
   4.0317274123   -2.2960477767   -2.0267327440
   3.5517274123   -3.1274321644   -2.0267327440
  -0.8279800140   -3.9720286687    1.5014975342
  -1.8218038232   -4.7220313598    0.7987287589
  -0.7941562047   -4.7220313598    0.7987287589
  -2.2679800140   -4.8034130563   -0.1612712411
  -1.3079800140   -5.0606442810   -0.1612712411
  -0.3479800140   -4.8034130563   -0.1612712411
  -1.8218038232   -4.7220313598   -1.1212712411
  -0.7941562047   -4.7220313598   -1.1212712411
  -1.7879800140   -3.9720286687   -1.8240400164
  -0.8279800140   -3.9720286687   -1.8240400164
  -2.5542662430   -2.4022111846    2.7732480003
  -1.5942662430   -2.4022111846    2.5160167756
  -2.0742662430   -1.5708267970    2.5160167756
  -3.0342662430   -1.5708267970    2.5160167756
  -3.5142662430   -2.4022111846    2.5160167756
  -3.0342662430   -3.2335955722    2.5160167756
  -2.0742662430   -3.2335955722    2.5160167756
  -3.8994744399   -1.4248602205    1.8132480003
  -4.2170350183   -2.4022111846    1.8132480003
  -3.8994744399   -3.3795621487    1.8132480003
  -3.0680900523   -3.9835982634    1.8132480003
  -2.0404424337   -3.9835982634    1.8132480003
  -4.4742662430   -2.4022111846    0.8532480003
  -4.2170350183   -3.3622111846    0.8532480003
  -3.5142662430   -4.0649799599    0.8532480003
  -4.3230258048   -1.3088375249   -0.8953324324
  -4.5802570295   -2.2688375249   -0.8953324324
  -4.3230258048   -3.2288375249   -0.8953324324
  -3.6202570295   -3.9316063002   -0.8953324324
  -4.0054652264   -1.2914865609   -1.8553324324
  -4.3230258048   -2.2688375249   -1.8553324324
  -4.0054652264   -3.2461884890   -1.8553324324
  -3.1740808388   -3.8502246038   -1.8553324324
  -1.7002570295   -2.2688375249   -2.5581012077
  -2.1802570295   -1.4374531373   -2.5581012077
  -3.1402570295   -1.4374531373   -2.5581012077
  -3.6202570295   -2.2688375249   -2.5581012077
  -3.1402570295   -3.1002219126   -2.5581012077
  -2.1802570295   -3.1002219126   -2.5581012077
  -2.6602570295   -2.2688375249   -2.8153324324
  -2.3746283810    2.5006516464    3.1389334045
  -1.4146283810    2.5006516464    2.8817021797
  -1.8946283810    3.3320360340    2.8817021797
  -2.8546283810    3.3320360340    2.8817021797
  -3.3346283810    2.5006516464    2.8817021797
  -2.8546283810    1.6692672588    2.8817021797
  -1.8946283810    1.6692672588    2.8817021797
  -1.8608045718    4.0820387252    2.1789334045
  -2.8884521903    4.0820387252    2.1789334045
  -3.7198365779    3.4780026105    2.1789334045
  -4.0373971563    2.5006516464    2.1789334045
  -3.7198365779    1.5233006823    2.1789334045
  -3.3346283810    4.1634204217    1.2189334045
  -4.0373971563    3.4606516464    1.2189334045
  -4.2946283810    2.5006516464    1.2189334045
  -3.4412775466    4.2977502453   -0.5278334283
  -4.1440463218    3.5949814700   -0.5278334283
  -4.4012775466    2.6349814700   -0.5278334283
  -1.9674537373    4.2163685488   -1.4878334283
  -2.9951013558    4.2163685488   -1.4878334283
  -3.8264857435    3.6123324341   -1.4878334283
  -4.1440463218    2.6349814700   -1.4878334283
  -3.8264857435    1.6576305059   -1.4878334283
  -1.5212775466    2.6349814700   -2.1906022035
  -2.0012775466    3.4663658576   -2.1906022035
  -2.9612775466    3.4663658576   -2.1906022035
  -3.4412775466    2.6349814700   -2.1906022035
  -2.9612775466    1.8035970824   -2.1906022035
  -2.0012775466    1.8035970824   -2.1906022035
  -2.4812775466    2.6349814700   -2.4478334283
  -0.1332807677    3.3286819395    1.9854119350
  -0.6132807677    4.1600663271    1.9854119350
   0.2519274292    4.3060329035    1.2826431597
  -0.5794569585    4.9100690183    1.2826431597
  -1.6071045770    4.9100690183    1.2826431597
  -0.1332807677    4.9914507147    0.3226431597
  -1.0932807677    5.2486819395    0.3226431597
  -2.0532807677    4.9914507147    0.3226431597
  -0.5794569585    4.9100690183   -0.6373568403
  -1.6071045770    4.9100690183   -0.6373568403
  -0.6132807677    4.1600663271   -1.3401256156
   3.9387087586   -0.4280689883    2.3225284726
   5.3312744341    0.4667476616    1.7372420441
   4.2151916112   -1.2699111096    1.7372420441
   5.0281975348   -0.5654374665    1.7372420441
   5.6695302054    1.5490596880    0.8612990022
   5.9165608626    1.4999929290   -0.1719462651
   5.3312744341    2.3759359708   -0.1719462651
   4.4553313922    2.9612223994   -0.1719462651
   3.4220861249    3.1667476616   -0.1719462651
   5.6695302054    1.5490596880   -1.2051915325
   5.3312744341    0.4667476616   -2.0811345744
   3.9387087586   -0.4280689883   -2.6664210029
   2.2402745854   -0.3760390840    2.5348295526
   1.7236519517    0.5187775659   -2.6596451852
   2.2402745854   -0.3760390840   -2.8651704474
   2.1866320876   -1.7005593644    2.4358907194
   3.2198773550   -1.7005593644    2.2303654572
   2.7032547213   -2.5953760143    2.2303654572
   4.0958203968   -1.7005593644    1.6450790286
   2.9797375739   -3.4372181356    1.6450790286
   3.7927434976   -2.7327444926    1.6450790286
   2.7417049360   -4.1324924125    0.7691359868
   4.0958203968   -1.7005593644   -2.1732975898
   3.2198773550   -1.7005593644   -2.7585840184
   2.7032547213   -2.5953760143   -2.7585840184
   2.1866320876   -1.7005593644   -2.9641092806
   0.9733242396   -2.1934923471    2.4713548973
   0.4567016060   -3.0883089970    2.2658296351
   1.4899468733   -3.0883089970    2.2658296351
  -0.2769282178   -3.6363605991    1.6805432065
   0.7016184142   -4.0832478721    1.6805432065
   1.7664297259   -3.9301511183    1.6805432065
   0.4182513913   -4.6254253952    0.8046001647
   1.5283970880   -4.6254253952    0.8046001647
   0.9733242396   -4.8934923471   -0.2286451027
   2.0065695070   -4.6879670849   -0.2286451027
   0.4182513913   -4.6254253952   -1.2618903701
   1.5283970880   -4.6254253952   -1.2618903701
  -0.2769282178   -3.6363605991   -2.1378334119
   0.7016184142   -4.0832478721   -2.1378334119
   1.7664297259   -3.9301511183   -2.1378334119
  -0.0599210277   -2.1934923471   -2.7231198405
   0.4567016060   -3.0883089970   -2.7231198405
   1.4899468733   -3.0883089970   -2.7231198405
   0.9733242396   -2.1934923471   -2.9286451027
   0.1900433044   -1.1069363349    2.6029345804
   1.2232885718   -1.1069363349    2.3974093181
  -0.3265793293   -0.2121196850    2.3974093181
  -0.3265793293   -2.0017529848    2.3974093181
  -0.3265793293   -0.2121196850   -2.5915401574
  -0.3265793293   -2.0017529848   -2.5915401574
   0.1900433044   -1.1069363349   -2.7970654196
   0.9236323873    0.0337597650    2.6459179173
  -0.1096128801    0.0337597650    2.4403926551
   1.4402550209   -0.8610568849    2.4403926551
   1.4402550209    0.9285764149   -2.5485568205
  -0.1096128801    0.0337597650   -2.5485568205
   0.9236323873    0.0337597650   -2.7540820827
   0.3420770859    1.3357806203    2.7822235419
   1.3753223533    1.3357806203    2.5766982797
  -0.1745455478    2.2305972702    2.5766982797
   1.3753223533    1.3357806203   -2.4122511959
   0.8586997196    2.2305972702   -2.4122511959
  -0.1745455478    2.2305972702   -2.4122511959
   0.3420770859    1.3357806203   -2.6177764581
   0.9460864726    2.3739048822    2.6459038595
   2.0394734952    2.3739048822    2.3963454066
   1.4927799839    3.3208058199    2.3963454066
   0.3993929613    3.3208058199    2.3963454066
   2.6035370843    3.4390837119    1.6970981602
   1.7645435019    4.1660757894    1.6970981602
   0.6656955957    4.3240662667    1.6970981602
   3.1596033098    3.4398784093    0.6866566131
   2.4778876518    4.2947228061    0.6866566131
   1.4927799839    4.7691256557    0.6866566131
   3.1596033098    3.4398784093   -0.4348488940
   2.4778876518    4.2947228061   -0.4348488940
   1.4927799839    4.7691256557   -0.4348488940
   0.3993929613    4.7691256557   -0.4348488940
   2.6035370843    3.4390837119   -1.4452904412
   1.7645435019    4.1660757894   -1.4452904412
   0.6656955957    4.3240662667   -1.4452904412
   1.4927799839    3.3208058199   -2.1445376876
   0.3993929613    3.3208058199   -2.1445376876
   0.9460864726    2.3739048822   -2.3940961405
  -1.0492517817    1.2704849114    2.8614706049
  -0.5326291480    0.3756682615    2.6559453426
  -2.0824970491    1.2704849114   -2.3330041329
  -0.5326291480    0.3756682615   -2.3330041329
  -1.0492517817    1.2704849114   -2.5385293951
  -1.8232613182    0.1149693282    2.8197071609
  -0.7900160509    0.1149693282    2.6141818986
  -2.3398839519   -0.7798473217    2.6141818986
  -2.3398839519    1.0097859781   -2.3747675769
  -2.8565065856    0.1149693282   -2.3747675769
  -1.8232613182    0.1149693282   -2.5802928391
  -3.0178704418    0.1732777878    2.7172062518
  -3.5645639530    1.1201787256    2.4676477990
  -4.1112574643    0.1732777878    2.4676477990
  -3.5645639530   -0.7736231499    2.4676477990
  -4.3080871026    1.6622671893    1.7684005525
  -4.9082782130    0.7283515919    1.7684005525
  -4.9082782130   -0.3817960163    1.7684005525
  -4.3080871026   -1.3157116136    1.7684005525
  -4.5496716210    2.0940957117    0.7579590054
  -5.2313872790    1.2392513150    0.7579590054
  -5.4746887805    0.1732777878    0.7579590054
  -5.2313872790   -0.8926957393    0.7579590054
  -5.2313872790    1.2392513150   -0.3635465017
  -5.4746887805    0.1732777878   -0.3635465017
  -5.2313872790   -0.8926957393   -0.3635465017
  -4.3080871026    1.6622671893   -1.3739880488
  -4.9082782130    0.7283515919   -1.3739880488
  -4.9082782130   -0.3817960163   -1.3739880488
  -3.5645639530    1.1201787256   -2.0732352953
  -4.1112574643    0.1732777878   -2.0732352953
  -3.0178704418    0.1732777878   -2.3227937482
  -1.1763358852   -1.0877536601    2.6874127066
  -0.6597132515   -1.9825703100    2.4818874444
  -0.6597132515   -0.1929370102   -2.5070620312
  -0.6597132515   -1.9825703100   -2.5070620312
  -1.1763358852   -1.0877536601   -2.7125872934
  -0.9460920544   -2.3043246063    2.4377576572
  -1.1862318355   -4.0409833775    1.8524712286
  -0.3732259118   -3.3365097345    1.8524712286
  -2.5344101702   -4.7362576544    0.9765281868
  -4.6793373218   -2.3043246063   -0.0567170806
  -4.4738120596   -3.3375698737   -0.0567170806
  -3.8885256310   -4.2135129155   -0.0567170806
  -3.0125825892   -4.7987993441   -0.0567170806
  -3.5346168818   -4.2545834885   -1.0899623480
  -2.5344101702   -4.7362576544   -1.0899623480
  -2.2510431472   -4.1940801314   -1.9659053898
  -0.9460920544   -2.3043246063   -2.5511918184
  -1.4627146881   -3.1991412562   -2.5511918184
  -0.7675765936    2.5189217637    2.7979620952
  -2.0725276864    4.4086772887    2.2126756666
  -2.3558947093    4.9508548118    1.3367326248
  -3.3561014210    4.4691806459    1.3367326248
  -2.8340671283    5.0133965015    0.3034873574
  -3.7100101702    4.4281100729    0.3034873574
  -4.2952965987    3.5521670311    0.3034873574
  -4.5008218610    2.5189217637    0.3034873574
  -2.3558947093    4.9508548118   -0.7297579100
  -1.2841992273    3.4137384136   -2.1909873804
   5.3721738481   -0.1668072197    1.5965691855
   4.8321738481   -1.1021146558    1.5965691855
   6.1627887203   -0.1668072197    0.8059543133
   5.0692553495   -1.8683783584    0.8059543133
   5.8658352179   -1.1781379733    0.8059543133
   6.4521738481   -0.1668072197   -0.2740456867
   6.2047588635    0.8369948319   -0.2740456867
   5.5191937010   -1.9444523700   -0.2740456867
   6.2047588635   -1.1706092713   -0.2740456867
   6.1627887203   -0.1668072197   -1.3540456867
   5.8658352179    0.8445235340   -1.3540456867
   5.0692553495   -1.8683783584   -1.3540456867
   5.8658352179   -1.1781379733   -1.3540456867
   5.3721738481   -0.1668072197   -2.1446605589
   4.8321738481   -1.1021146558   -2.1446605589
   4.6058576591    2.9390521134   -0.9981063806
   3.6391970355    3.3056581311   -0.9981063806
   5.2494526783    1.1614069631   -2.0781063806
   4.9524991759    2.1727377167   -2.0781063806
   4.1559193076    2.8629781018   -2.0781063806
   3.1126215531    3.0129816730   -2.0781063806
   2.1538455780    2.5751233565   -2.0781063806
   4.4588378061    1.1614069631   -2.8687212528
   3.9188378061    2.0967143991   -2.8687212528
   2.8388378061    2.0967143991   -2.8687212528
   2.2988378061    1.1614069631   -2.8687212528
   2.8388378061    0.2260995270   -2.8687212528
   3.9188378061    0.2260995270   -2.8687212528
   3.3788378061    1.1614069631   -3.1581063806
   3.4854149906    1.0261377167    2.9100313469
   4.5654149906    1.0261377167    2.6206462191
   4.0254149906    1.9614451528    2.6206462191
   2.9454149906    1.9614451528    2.6206462191
   2.4054149906    1.0261377167    2.6206462191
   2.9454149906    0.0908302806    2.6206462191
   4.0254149906    0.0908302806    2.6206462191
   5.3560298628    1.0261377167    1.8300313469
   5.0590763604    2.0374684703    1.8300313469
   4.2624964921    2.7277088554    1.8300313469
   3.2191987376    2.8777124267    1.8300313469
   4.7124348436    2.8037828670    0.7500313469
   3.7457742200    3.1703888847    0.7500313469
   4.1517274123   -2.2960477767    1.5066509034
   3.6117274123   -3.2313552128    1.5066509034
   4.9423422844   -2.2960477767    0.7160360313
   2.8055111593   -4.1476224867    0.7160360313
   3.8488089137   -3.9976189155    0.7160360313
   4.6453887820   -3.3073785304    0.7160360313
   5.2317274123   -2.2960477767   -0.3639639687
   3.3320866416   -4.4402989448   -0.3639639687
   4.2987472652   -4.0736929271   -0.3639639687
   4.9843124277   -3.2998498284   -0.3639639687
   4.9423422844   -2.2960477767   -1.4439639687
   2.8055111593   -4.1476224867   -1.4439639687
   3.8488089137   -3.9976189155   -1.4439639687
   4.6453887820   -3.3073785304   -1.4439639687
   4.1517274123   -2.2960477767   -2.2345788409
   3.6117274123   -3.2313552128   -2.2345788409
  -0.7679800140   -4.0759517171    1.7093436311
  -1.5741962670   -4.9922189910    0.9187287589
  -0.5308985125   -4.8422154198    0.9187287589
  -2.0739265700   -5.1602793652   -0.1612712411
  -1.0476207846   -5.2848954491   -0.1612712411
  -0.0809601610   -4.9182894314   -0.1612712411
  -1.5741962670   -4.9922189910   -1.2412712411
  -0.5308985125   -4.8422154198   -1.2412712411
  -0.7679800140   -4.0759517171   -2.0318861133
  -2.5542662430   -2.4022111846    3.0132480003
  -1.4742662430   -2.4022111846    2.7238628725
  -2.0142662430   -1.4669037485    2.7238628725
  -3.0942662430   -1.4669037485    2.7238628725
  -3.6342662430   -2.4022111846    2.7238628725
  -3.0942662430   -3.3375186207    2.7238628725
  -2.0142662430   -3.3375186207    2.7238628725
  -4.3491080692   -1.8751980738    1.9332480003
  -4.3491080692   -2.9292242954    1.9332480003
  -3.7792584711   -3.8159275780    1.9332480003
  -2.8204824960   -4.2537858946    1.9332480003
  -4.6515005686   -1.8852893497    0.8532480003
  -4.6515005686   -2.9191330195    0.8532480003
  -4.1710494590   -3.8345561264    0.8532480003
  -4.7574913552   -1.7519156901   -0.8953324324
  -4.7574913552   -2.7857593598   -0.8953324324
  -4.2770402456   -3.7011824667   -0.8953324324
  -3.8852492576   -0.8551211315   -1.9753324324
  -4.4550988557   -1.7418244141   -1.9753324324
  -4.4550988557   -2.7958506357   -1.9753324324
  -3.8852492576   -3.6825539184   -1.9753324324
  -2.9264732825   -4.1204122349   -1.9753324324
  -1.5802570295   -2.2688375249   -2.7659473046
  -2.1202570295   -1.3335300889   -2.7659473046
  -3.2002570295   -1.3335300889   -2.7659473046
  -3.7402570295   -2.2688375249   -2.7659473046
  -3.2002570295   -3.2041449610   -2.7659473046
  -2.1202570295   -3.2041449610   -2.7659473046
  -2.6602570295   -2.2688375249   -3.0553324324
  -2.3746283810    2.5006516464    3.3789334045
  -1.2946283810    2.5006516464    3.0895482766
  -1.8346283810    3.4359590825    3.0895482766
  -2.9146283810    3.4359590825    3.0895482766
  -3.4546283810    2.5006516464    3.0895482766
  -2.9146283810    1.5653442103    3.0895482766
  -1.8346283810    1.5653442103    3.0895482766
  -2.6408446340    4.3522263564    2.2989334045
  -3.5996206091    3.9143680398    2.2989334045
  -4.1694702072    3.0276647572    2.2989334045
  -4.1694702072    1.9736385356    2.2989334045
  -3.9914115971    3.9329965882    1.2189334045
  -4.4718627067    3.0175734813    1.2189334045
  -4.4718627067    1.9837298115    1.2189334045
  -3.2472241026    4.6546165542   -0.5278334283
  -4.0980607626    4.0673264118   -0.5278334283
  -4.5785118722    3.1519033049   -0.5278334283
  -4.5785118722    2.1180596352   -0.5278334283
  -2.7474937996    4.4865561800   -1.6078334283
  -3.7062697747    4.0486978634   -1.6078334283
  -4.2761193728    3.1619945808   -1.6078334283
  -4.2761193728    2.1079683592   -1.6078334283
  -1.4012775466    2.6349814700   -2.3984483004
  -1.9412775466    3.5702889061   -2.3984483004
  -3.0212775466    3.5702889061   -2.3984483004
  -3.5612775466    2.6349814700   -2.3984483004
  -3.0212775466    1.6996740339   -2.3984483004
  -1.9412775466    1.6996740339   -2.3984483004
  -2.4812775466    2.6349814700   -2.6878334283
  -0.5532807677    4.2639893755    2.1932580319
  -0.3161992663    5.0302530782    1.4026431597
  -1.3594970207    5.1802566494    1.4026431597
   0.1337390852    5.1063270898    0.3226431597
  -0.8329215384    5.4729331075    0.3226431597
  -1.8592273237    5.3483170237    0.3226431597
  -0.3161992663    5.0302530782   -0.7573568403
  -1.3594970207    5.1802566494   -0.7573568403
  -0.5532807677    4.2639893755   -1.5479717125
   3.9351163399   -0.4218467365    2.6471315972
   4.2231569946   -1.2873528663    2.1261870642
   5.0443281674   -0.5758039946    2.1261870642
   6.0201623362    0.4667476616    1.3280537349
   5.7955468464    1.5234804583    1.3280537349
   6.1770037678    1.5340084423    0.3489982679
   5.6054312585    2.4571297407    0.3489982679
   4.7389858906    3.1114389102    0.3489982679
   3.6946859121    3.4085678719    0.3489982679
   6.1770037678    1.5340084423   -0.6928907981
   5.6054312585    2.4571297407   -0.6928907981
   5.7955468464    1.5234804583   -1.6719462651
   5.3504489539    0.4667476616   -2.4700795945
   4.2231569946   -1.2873528663   -2.4700795945
   3.9351163399   -0.4218467365   -2.9910241275
   2.2402745854   -0.3760390840    2.8348295526
   2.7533048003   -1.2646334822    2.6539074150
   1.7272443704    0.5125553142   -2.9842483097
   2.2402745854   -0.3760390840   -3.1651704474
   2.1866320876   -1.7005593644    2.7358907194
   3.2126925176   -1.7005593644    2.5549685818
   2.6996623026   -2.5891537626    2.5549685818
   4.1149949167   -1.7005593644    2.0340240488
   2.9877029573   -3.4546598924    2.0340240488
   3.8088741301   -2.7431110207    2.0340240488
   2.9894817896   -4.1714766750    1.2358907194
   4.1149949167   -1.7005593644   -2.5622426099
   2.9877029573   -3.4546598924   -2.5622426099
   3.2126925176   -1.7005593644   -3.0831871429
   1.6736018726   -0.8119649662   -3.0831871429
   2.6996623026   -2.5891537626   -3.0831871429
   2.1866320876   -1.7005593644   -3.2641092806
   0.9733242396   -2.1934923471    2.7713548973
   0.4602940247   -3.0820867453    2.5904327597
   1.4863544546   -3.0820867453    2.5904327597
  -0.2894848579   -3.6508517344    2.0694882267
   0.6988895955   -4.1022272230    2.0694882267
   1.7743951094   -3.9475928751    2.0694882267
   0.7017513258   -4.7773360251    1.2713548973
   1.7761739416   -4.6644096577    1.2713548973
   0.1648079366   -5.0351323984    0.2922994303
   1.2459240269   -5.1353125574    0.2922994303
   2.2902240054   -4.8381835957    0.2922994303
   0.1648079366   -5.0351323984   -0.7495896357
   1.2459240269   -5.1353125574   -0.7495896357
   2.2902240054   -4.8381835957   -0.7495896357
   0.7017513258   -4.7773360251   -1.7286451027
   1.7761739416   -4.6644096577   -1.7286451027
  -0.2894848579   -3.6508517344   -2.5267784320
   0.6988895955   -4.1022272230   -2.5267784320
   1.7743951094   -3.9475928751   -2.5267784320
  -0.0527361903   -2.1934923471   -3.0477229650
   0.4602940247   -3.0820867453   -3.0477229650
   1.4863544546   -3.0820867453   -3.0477229650
   0.9733242396   -2.1934923471   -3.2286451027
   0.1900433044   -1.1069363349    2.9029345804
   1.2161037344   -1.1069363349    2.7220124427
  -0.3229869105   -1.9955307331    2.7220124427
  -0.3229869105   -0.2183419367   -2.9161432820
   0.1900433044   -1.1069363349   -3.0970654196
   0.9236323873    0.0337597650    2.9459179173
  -0.1024280427    0.0337597650    2.7649957797
   1.4366626022   -0.8548346332    2.7649957797
   1.4366626022    0.9223541632   -2.8731599450
  -0.1024280427    0.0337597650   -2.8731599450
   0.9236323873    0.0337597650   -3.0540820827
   0.3420770859    1.3357806203    3.0822235419
   1.3681375159    1.3357806203    2.9013014043
  -0.1709531291    2.2243750185    2.9013014043
   1.3681375159    1.3357806203   -2.7368543205
   0.8551073009    2.2243750185   -2.7368543205
  -0.1709531291    2.2243750185   -2.7368543205
   0.3420770859    1.3357806203   -2.9177764581
   0.9460864726    2.3739048822    2.9259038595
   2.0176000832    2.3739048822    2.7127665506
   1.4818432779    3.3018628895    2.7127665506
   0.4103296673    3.3018628895    2.7127665506
   2.6607292925    3.3638543758    2.1058028469
   1.9360359662    4.0885477021    2.1058028469
   0.9460864726    4.3538038695    2.1058028469
   3.3093031335    3.4260767292    1.1974174702
   2.6770354736    4.2963185052    1.1974174702
   1.7454710062    4.8341575012    1.1974174702
   0.6756856908    4.9465964687    1.1974174702
   3.0153114408    4.2602526844    0.1259038595
   2.1941538688    4.8803620980    0.1259038595
   1.2044378791    5.1619605758    0.1259038595
   2.6770354736    4.2963185052   -0.9456097511
   1.7454710062    4.8341575012   -0.9456097511
   0.6756856908    4.9465964687   -0.9456097511
   2.6607292925    3.3638543758   -1.8539951278
   1.9360359662    4.0885477021   -1.8539951278
   0.9460864726    4.3538038695   -1.8539951278
  -0.0438630211    4.0885477021   -1.8539951278
   1.4818432779    3.3018628895   -2.4609588315
   0.4103296673    3.3018628895   -2.4609588315
   0.9460864726    2.3739048822   -2.6740961405
  -1.0492517817    1.2704849114    3.1614706049
  -0.5362215667    0.3818905132    2.9805484672
  -2.0753122117    1.2704849114   -2.6576072575
  -0.5362215667    0.3818905132   -2.6576072575
  -1.0492517817    1.2704849114   -2.8385293951
  -1.8232613182    0.1149693282    3.1197071609
  -0.7972008883    0.1149693282    2.9387850232
  -2.3362915332   -0.7736250700    2.9387850232
  -2.3362915332    1.0035637263   -2.6993707015
  -2.8493217482    0.1149693282   -2.6993707015
  -1.8232613182    0.1149693282   -2.8802928391
  -3.0178704418    0.1732777878    2.9972062518
  -3.5536272471    1.1012357951    2.7840689429
  -4.0893840524    0.1732777878    2.7840689429
  -3.5536272471   -0.7546802195    2.7840689429
  -4.7325132617    1.1632272815    2.1771052392
  -4.9977694291    0.1732777878    2.1771052392
  -4.7325132617   -0.8166717058    2.1771052392
  -5.1106863209    1.6937975273    1.2687198625
  -5.5482039764    0.7111167838    1.2687198625
  -5.5482039764   -0.3645612082    1.2687198625
  -5.1106863209   -1.3472419517    1.2687198625
  -5.3984784218    1.6472878439    0.1972062518
  -5.7701951209    0.6877764377    0.1972062518
  -5.7701951209   -0.3412208621    0.1972062518
  -5.3984784218   -1.3007322682    0.1972062518
  -5.1106863209    1.6937975273   -0.8743073588
  -5.5482039764    0.7111167838   -0.8743073588
  -5.5482039764   -0.3645612082   -0.8743073588
  -5.1106863209   -1.3472419517   -0.8743073588
  -4.7325132617    1.1632272815   -1.7826927355
  -4.9977694291    0.1732777878   -1.7826927355
  -4.7325132617   -0.8166717058   -1.7826927355
  -3.5536272471    1.1012357951   -2.3896564392
  -4.0893840524    0.1732777878   -2.3896564392
  -1.1763358852   -1.0877536601    2.9874127066
  -0.6633056702   -1.9763480582    2.8064905690
  -0.6633056702   -0.1991592619   -2.8316651557
  -1.1763358852   -1.0877536601   -3.0125872934
  -0.9532768918   -2.3043246063    2.7623607818
  -1.1782664521   -4.0584251343    2.2414162488
  -0.3570952792   -3.3468762626    2.2414162488
  -2.2509102356   -4.8881682844    1.4432829194
  -4.8834559105   -2.8471984556    0.4642274524
  -4.4912386028   -3.8596280326    0.4642274524
  -3.7597751082   -4.6620052637    0.4642274524
  -2.7878536248   -5.1459646577    0.4642274524
  -4.4912386028   -3.8596280326   -0.5776616136
  -3.7597751082   -4.6620052637   -0.5776616136
  -2.7878536248   -5.1459646577   -0.5776616136
  -3.2783754274   -4.5543246063   -1.5567170806
  -2.2509102356   -4.8881682844   -1.5567170806
  -2.2537719659   -4.2130594823   -2.3548504099
  -0.9532768918   -2.3043246063   -2.8757949429
  -1.4663071068   -3.1929190045   -2.8757949429
  -0.7747614310    2.5189217637    3.1225652198
  -0.1785798184    3.5614734200    2.6016206867
  -0.9997509912    4.2730222917    2.6016206867
  -2.0723947748    5.1027654417    1.8034873574
  -3.0998599666    4.7689217637    1.8034873574
  -2.6093381640    5.3605618150    0.8244318904
  -3.5812596474    4.8766024211    0.8244318904
  -4.3127231420    4.0742251900    0.8244318904
  -4.7049404497    3.0617956130    0.8244318904
  -2.6093381640    5.3605618150   -0.2174571756
  -3.5812596474    4.8766024211   -0.2174571756
  -2.0723947748    5.1027654417   -1.1965126426
  -0.9997509912    4.2730222917   -1.9946459720
  -1.2877916460    3.4075161619   -2.5155905050
   6.1685694060   -0.1668072197    1.2223298377
   5.0716567332   -1.8736366551    1.2223298377
   5.8706982402   -1.1812632480    1.2223298377
   6.6320008373   -0.1668072197    0.2600045548
   6.4002851217    0.8484056633    0.2600045548
   5.7510321140   -1.9961576234    0.2600045548
   6.4002851217   -1.1820201027    0.2600045548
   6.6320008373   -0.1668072197   -0.8080959282
   6.4002851217    0.8484056633   -0.8080959282
   5.7510321140   -1.9961576234   -0.8080959282
   6.4002851217   -1.1820201027   -0.8080959282
   6.1685694060   -0.1668072197   -1.7704212112
   5.0716567332   -1.8736366551   -1.7704212112
   5.8706982402   -1.1812632480   -1.7704212112
   5.3334948220   -0.1668072197   -2.4363709697
   4.8128343350   -1.0686176366   -2.4363709697
   3.8994982931    3.4425696045   -0.4640561391
   5.4869490797    2.1766198460   -1.5321566221
   4.8376960721    2.9907573668   -1.5321566221
   3.8994982931    3.4425696045   -1.5321566221
   5.2552333641    1.1614069631   -2.4944819051
   4.9573621982    2.1758629914   -2.4944819051
   4.1583206912    2.8682363985   -2.4944819051
   3.1117988758    3.0187035197   -2.4944819051
   2.1500600339    2.5794921073   -2.4944819051
   4.4201587800    1.1614069631   -3.1604316636
   3.8994982931    2.0632173799   -3.1604316636
   2.8581773192    2.0632173799   -3.1604316636
   2.3375168323    1.1614069631   -3.1604316636
   2.8581773192    0.2595965462   -3.1604316636
   3.8994982931    0.2595965462   -3.1604316636
   3.3788378061    1.1614069631   -3.3981063806
   3.4854149906    1.0261377167    3.1500313469
   4.5267359645    1.0261377167    2.9123566299
   4.0060754776    1.9279481336    2.9123566299
   2.9647545037    1.9279481336    2.9123566299
   2.4440940167    1.0261377167    2.9123566299
   2.9647545037    0.1243272998    2.9123566299
   4.0060754776    0.1243272998    2.9123566299
   5.3618105485    1.0261377167    2.2464068714
   5.0639393827    2.0405937450    2.2464068714
   4.2648978757    2.7329671521    2.2464068714
   3.2183760603    2.8834342734    2.2464068714
   5.5935262642    2.0413505997    1.2840815884
   4.9442732565    2.8554881204    1.2840815884
   4.0060754776    3.3073003582    1.2840815884
   4.9481229702   -2.2960477767    1.1324115557
   3.8512102974   -4.0028772122    1.1324115557
   4.6502518044   -3.3105038051    1.1324115557
   5.4115544015   -2.2960477767    0.1700862728
   3.5923878992   -4.5772104182    0.1700862728
   4.5305856782   -4.1253981805    0.1700862728
   5.1798386858   -3.3112606597    0.1700862728
   5.4115544015   -2.2960477767   -0.8980142102
   3.5923878992   -4.5772104182   -0.8980142102
   4.5305856782   -4.1253981805   -0.8980142102
   5.1798386858   -3.3112606597   -0.8980142102
   4.9481229702   -2.2960477767   -1.8603394932
   3.8512102974   -4.0028772122   -1.8603394932
   4.6502518044   -3.3105038051   -1.8603394932
   4.1130483861   -2.2960477767   -2.5262892517
   3.5923878992   -3.1978581936   -2.5262892517
  -1.5750189443   -4.9979408377    1.3351042834
  -0.5284971289   -4.8474737165    1.3351042834
  -1.8286405009   -5.4218069225    0.3727790004
  -0.7873195270   -5.4218069225    0.3727790004
  -1.8286405009   -5.4218069225   -0.6953214826
  -0.7873195270   -5.4218069225   -0.6953214826
  -1.5750189443   -4.9979408377   -1.6576467656
  -0.5284971289   -4.8474737165   -1.6576467656
  -0.7873195270   -4.0424546979   -2.3235965241
  -2.5542662430   -2.4022111846    3.2532480003
  -1.5129452691   -2.4022111846    3.0155732833
  -2.0336057560   -1.5004007677    3.0155732833
  -3.0749267299   -1.5004007677    3.0155732833
  -3.5955872169   -2.4022111846    3.0155732833
  -3.0749267299   -3.3040216015    3.0155732833
  -2.0336057560   -3.3040216015    3.0155732833
  -4.3546545965   -1.8735694664    2.3496235248
  -4.3546545965   -2.9308529028    2.3496235248
  -3.7830440152   -3.8202963288    2.3496235248
  -2.8213051734   -4.2595077413    2.3496235248
  -1.7747833579   -4.1090406200    2.3496235248
  -4.8940932322   -2.4022111846    1.3872982418
  -4.6623775166   -3.4174240676    1.3872982418
  -4.0131245089   -4.2315615883    1.3872982418
  -5.0000840188   -2.2688375249   -0.3612821909
  -5.0000840188   -2.2688375249   -1.4293826739
  -4.7683683031   -3.2840504079   -1.4293826739
  -4.1191152954   -4.0981879287   -1.4293826739
  -3.8890348018   -0.8507523807   -2.3917079569
  -4.4606453831   -1.7401958068   -2.3917079569
  -4.4606453831   -2.7974792431   -2.3917079569
  -3.8890348018   -3.6869226692   -2.3917079569
  -2.9272959599   -4.1261340816   -2.3917079569
  -1.6189360556   -2.2688375249   -3.0576577154
  -2.1395965426   -1.3670271081   -3.0576577154
  -3.1809175165   -1.3670271081   -3.0576577154
  -3.7015780034   -2.2688375249   -3.0576577154
  -3.1809175165   -3.1706479418   -3.0576577154
  -2.1395965426   -3.1706479418   -3.0576577154
  -2.6602570295   -2.2688375249   -3.2953324324
  -2.3746283810    2.5006516464    3.6189334045
  -1.3333074071    2.5006516464    3.3812586874
  -1.8539678941    3.4024620633    3.3812586874
  -2.8952888680    3.4024620633    3.3812586874
  -3.4159493549    2.5006516464    3.3812586874
  -2.8952888680    1.5988412295    3.3812586874
  -1.8539678941    1.5988412295    3.3812586874
  -2.6416673114    4.3579482031    2.7153089289
  -3.6034061533    3.9187367906    2.7153089289
  -4.1750167346    3.0292933646    2.7153089289
  -4.1750167346    1.9720099282    2.7153089289
  -3.8334866469    4.3300020501    1.7529836460
  -4.4827396546    3.5158645294    1.7529836460
  -4.7144553703    2.5006516464    1.7529836460
  -4.5893888201    3.6501943530    0.0062168132
  -4.8211045358    2.6349814700    0.0062168132
  -3.0019380335    4.9161441115   -1.0618836697
  -3.9401358125    4.4643318737   -1.0618836697
  -4.5893888201    3.6501943530   -1.0618836697
  -4.8211045358    2.6349814700   -1.0618836697
  -2.7483164769    4.4922780267   -2.0242089527
  -3.7100553188    4.0530666142   -2.0242089527
  -4.2816659001    3.1636231882   -2.0242089527
  -4.2816659001    2.1063397518   -2.0242089527
  -1.4399565727    2.6349814700   -2.6901587112
  -1.9606170596    3.5367918869   -2.6901587112
  -3.0019380335    3.5367918869   -2.6901587112
  -3.5225985204    2.6349814700   -2.6901587112
  -3.0019380335    1.7331710531   -2.6901587112
  -1.9606170596    1.7331710531   -2.6901587112
  -2.4812775466    2.6349814700   -2.9278334283
  -0.5726202808    4.2304923563    2.4849684427
  -0.3137978826    5.0355113749    1.8190186842
  -1.3603196981    5.1859784961    1.8190186842
   0.3655774982    5.1580323432    0.8566934012
  -0.5726202808    5.6098445809    0.8566934012
  -1.6139412547    5.6098445809    0.8566934012
   0.3655774982    5.1580323432   -0.2114070818
  -0.5726202808    5.6098445809   -0.2114070818
  -1.6139412547    5.6098445809   -0.2114070818
  -0.3137978826    5.0355113749   -1.1737323648
  -1.3603196981    5.1859784961   -1.1737323648
  -0.5726202808    4.2304923563   -1.8396821233
