   0.0273348957
   0.0285183947
   0.0215037375
   0.0309772070
   0.0090127440
   0.0087684937
   0.0113726099
   0.0096052206
   0.0247053204
   0.0139813003
   0.0288443065
   0.0184934004
   0.0114333827
  -0.0091842671
  -0.0214135867
  -0.0172954331
  -0.0332652593
  -0.0203020032
  -0.0322792562
  -0.0330144006
  -0.0047077677
  -0.0347243053
  -0.0183949847
  -0.0097164371
  -0.0256639156
  -0.0167010831
  -0.0126556536
   0.0041976939
   0.0055024331
   0.0188805669
   0.0027397470
   0.0097806722
  -0.0022319073
   0.0018939264
   0.0023946970
   0.0166435158
   0.0054706119
   0.0076445704
   0.0090809898
   0.0014495671
   0.0053178423
  -0.0014718978
  -0.0046611039
   0.0148574437
   0.0048476010
  -0.0024797347
   0.0074810246
  -0.0250898342
  -0.0290100378
  -0.0401752753
  -0.0339653922
  -0.0423473749
  -0.0465457764
  -0.0387336590
  -0.0414530032
  -0.0473491365
  -0.0462111372
  -0.0406151000
  -0.0457231990
  -0.0401098166
  -0.0229658835
  -0.0376234165
  -0.0325161092
  -0.0205708120
   0.0012241099
  -0.0005951853
   0.0132146236
   0.0008857605
   0.0032790683
   0.0197036704
   0.0037285300
   0.0056507144
   0.0165780960
  -0.0035314412
   0.0196861145
  -0.0007173153
   0.0095734491
  -0.0291401977
  -0.0378755459
  -0.0465871345
  -0.0368447621
  -0.0513776413
  -0.0537449782
  -0.0496261231
  -0.0448549576
  -0.0541955419
  -0.0553010268
  -0.0528319173
  -0.0399747547
  -0.0497711386
  -0.0525903277
  -0.0477121019
  -0.0345869348
  -0.0433967860
  -0.0304492637
  -0.0222175126
   0.0040264399
   0.0032652666
   0.0134255058
   0.0029450263
   0.0026492335
   0.0047247024
   0.0096170558
   0.0003669578
   0.0094643056
   0.0119608248
   0.0029813691
   0.0035206856
  -0.0022169259
  -0.0017354174
   0.0041915399
   0.0056129292
   0.0035828435
  -0.0378042584
   0.0028668482
  -0.0009016618
  -0.0029602178
   0.0296242928
   0.0353351254
   0.0315790728
   0.0303213283
   0.0496569286
   0.0366855305
   0.0320621500
   0.0300939274
   0.0375173413
   0.0307095396
   0.0375894335
   0.0222114209
   0.0028637049
   0.0274078451
   0.0205685124
   0.0096327199
  -0.0082838007
  -0.0026523162
   0.0233085515
   0.0175533330
   0.0120248382
   0.0179932053
   0.0246611064
   0.0200832191
   0.0183631651
   0.0222487351
   0.0150801387
   0.0072974037
   0.0165004513
   0.0226896887
   0.0258189506
   0.0198243345
   0.0069564866
  -0.0188768987
   0.0050109391
   0.0365474457
   0.0255946242
   0.0440322716
   0.0252040334
   0.0360205902
   0.0441867513
   0.0260263945
   0.0365762629
   0.0371494611
   0.0272772817
  -0.0097340745
   0.0021773407
   0.0103028553
   0.0048203899
  -0.0170431280
   0.0101932778
   0.0046869623
  -0.0190668603
   0.0012779393
   0.0056885560
   0.0055504953
   0.0024401383
  -0.0032550252
   0.0063518872
   0.0070998932
  -0.0148843959
   0.0022303901
   0.0083146349
   0.0081563759
  -0.0238098230
   0.0009634201
  -0.0248087179
  -0.0003497250
  -0.0259001377
  -0.0096745536
   0.0033994466
   0.0085994833
   0.0052320795
   0.0041500782
   0.0010705231
   0.0073398031
   0.0067009546
   0.0065093176
   0.0026681140
   0.0008669557
   0.0022264349
   0.0026498343
  -0.0041472298
   0.0009130360
   0.0031188407
   0.0033563567
  -0.0027093538
  -0.0187338060
  -0.0066476346
  -0.0378385737
   0.0043599254
  -0.0055914927
  -0.0330142853
   0.0022333141
   0.0034124446
  -0.0019493276
  -0.0188121160
   0.0009371857
   0.0018161673
   0.0026271122
  -0.0050470262
   0.0014896353
   0.0023006628
  -0.0211015623
  -0.0041571997
  -0.0228952680
  -0.0013823188
   0.0043586882
  -0.0265718909
  -0.0023856878
   0.0036613174
  -0.0068285919
   0.0224112709
   0.0246992309
   0.0320849384
   0.0233187746
   0.0177061888
   0.0238074046
   0.0252546506
   0.0086446710
   0.0075278167
   0.0108880781
   0.0074607047
   0.0188561425
   0.0102421903
   0.0334358204
   0.0141233409
   0.0220128112
   0.0134823936
   0.0090705454
  -0.0053914521
  -0.0132500111
  -0.0103120758
  -0.0210188876
  -0.0129029877
  -0.0233622756
  -0.0192895378
   0.0025360148
  -0.0240210285
  -0.0189625128
  -0.0151280180
  -0.0222776681
  -0.0114103178
  -0.0073068089
  -0.0162358312
  -0.0100524579
  -0.0075506627
   0.0026699252
   0.0028806683
   0.0107733752
   0.0006674327
   0.0056719693
  -0.0034319383
   0.0006649178
   0.0027903278
   0.0096233416
   0.0037431762
   0.0054841311
   0.0053877825
   0.0024503192
   0.0015858915
  -0.0019162851
  -0.0056832201
   0.0084750126
   0.0030231366
  -0.0034371986
   0.0035993890
  -0.0179496787
  -0.0196842434
  -0.0289559396
  -0.0245123500
  -0.0305491910
  -0.0349016449
  -0.0287058098
  -0.0287749133
  -0.0360923607
  -0.0363243396
  -0.0277170479
  -0.0356036461
  -0.0362430645
  -0.0279411953
  -0.0338269827
  -0.0295693362
  -0.0137072616
  -0.0262536265
  -0.0230378585
  -0.0140685198
   0.0009847010
  -0.0025906314
   0.0078059311
  -0.0011335699
   0.0005965760
   0.0110440158
   0.0030738244
   0.0012864492
   0.0093510065
  -0.0045488141
  -0.0022788626
  -0.0126998315
   0.0045788662
  -0.0215190556
  -0.0273005127
  -0.0347130662
  -0.0267990553
  -0.0385915404
  -0.0416479869
  -0.0371042390
  -0.0403624257
  -0.0442098536
  -0.0435755168
  -0.0378050067
  -0.0396079104
  -0.0437426466
  -0.0430670992
  -0.0368886227
  -0.0369613768
  -0.0400825639
  -0.0343638550
  -0.0246581501
  -0.0315355961
  -0.0208938335
  -0.0160679318
   0.0032923873
   0.0016505740
   0.0076697131
  -0.0002162280
   0.0024027166
   0.0024153861
   0.0072961906
   0.0080998741
   0.0074233539
   0.0085655092
   0.0063220823
   0.0002990523
   0.0015822912
  -0.0033244798
   0.0010332588
   0.0026736146
   0.0018954605
   0.0021745304
  -0.0036745873
   0.0256959959
   0.0288700968
   0.0267057421
   0.0257060957
   0.0376393646
   0.0302758304
   0.0274706489
   0.0258066803
   0.0381708212
   0.0309711863
   0.0273011988
   0.0255847160
   0.0399487129
   0.0313245451
   0.0264854953
   0.0306301425
   0.0198479488
   0.0105884309
  -0.0047155436
   0.0224641534
   0.0174615508
   0.0101344002
  -0.0007085141
  -0.0057649578
   0.0193817858
   0.0150885235
   0.0100434921
   0.0118760314
   0.0170080533
   0.0208527491
   0.0162852154
   0.0143570615
   0.0179842540
   0.0129627329
   0.0059803372
   0.0091810986
   0.0152292436
   0.0189531790
   0.0210346509
   0.0163789562
   0.0077040017
  -0.0077224651
   0.0196823329
   0.0105162375
  -0.0068080290
   0.0296197386
   0.0220912791
   0.0363653348
   0.0214493072
   0.0296244053
   0.0392170488
   0.0156673701
   0.0260020756
   0.0325103965
   0.0365103600
   0.0083605577
   0.0224791341
   0.0302876370
   0.0301178269
   0.0234504554
  -0.0012073113
   0.0059421089
  -0.0000559463
   0.0079226380
   0.0043544651
  -0.0055507076
   0.0057624198
  -0.0006667342
   0.0041389180
  -0.0029397385
   0.0029522799
   0.0035237110
   0.0016934670
  -0.0046162667
  -0.0001050179
   0.0045415937
   0.0043972909
  -0.0207926773
  -0.0051138755
   0.0030942715
   0.0058548338
   0.0049101061
  -0.0099096813
   0.0014028994
   0.0065007952
  -0.0300984882
  -0.0087520287
   0.0014566713
   0.0067463622
  -0.0126975317
  -0.0023562549
   0.0039270291
   0.0061586356
   0.0032413684
   0.0028253538
  -0.0006500384
   0.0021665937
   0.0050959388
   0.0041241975
   0.0039010862
   0.0002911240
  -0.0004857377
   0.0000150777
   0.0009585858
  -0.0022969076
  -0.0046796238
  -0.0001543211
  -0.0001089947
   0.0014066727
  -0.0009654092
  -0.0083717661
  -0.0203888932
   0.0016627134
  -0.0040140008
  -0.0164691481
   0.0012907517
  -0.0033931048
  -0.0148994117
  -0.0007268953
   0.0012651072
  -0.0006830546
  -0.0082176276
  -0.0224015184
  -0.0004990630
  -0.0003604470
   0.0008234705
  -0.0025720292
  -0.0052123963
   0.0003766560
   0.0000871556
  -0.0168181760
  -0.0076013782
  -0.0239091657
  -0.0059924119
   0.0003953363
  -0.0120105558
  -0.0016978801
   0.0022019218
  -0.0077385870
  -0.0005363559
  -0.0105982449
   0.0187865776
   0.0208999959
   0.0250755005
   0.0233419125
   0.0194545760
   0.0205733104
   0.0157593637
   0.0074073016
  -0.0112468657
   0.0201485561
   0.0223788808
   0.0212379239
   0.0080046789
   0.0069405731
   0.0100779811
   0.0064378861
   0.0151921642
   0.0083156444
   0.0257328769
   0.0101755666
   0.0209338826
   0.0066405720
   0.0287865754
   0.0176499782
   0.0107583401
   0.0078338516
  -0.0028590242
  -0.0081888956
  -0.0058290868
  -0.0078510733
  -0.0133956726
  -0.0078682521
  -0.0153277832
  -0.0125809484
  -0.0165451534
  -0.0073484545
  -0.0161230170
  -0.0121555469
  -0.0105991764
  -0.0143957580
  -0.0067546396
  -0.0050232352
  -0.0102698177
  -0.0056554206
  -0.0041768466
   0.0021154462
   0.0025406706
   0.0067369663
   0.0002572792
   0.0037839761
  -0.0029291972
   0.0005259333
   0.0029013058
   0.0061278013
   0.0035754602
   0.0047524898
   0.0038056503
   0.0030620313
   0.0000019940
  -0.0016119221
  -0.0053319803
   0.0025826251
  -0.0076882539
  -0.0033240680
   0.0019291173
  -0.0131181318
  -0.0132470517
  -0.0220150510
  -0.0185354610
  -0.0217578327
  -0.0271550077
  -0.0244429259
  -0.0193156433
  -0.0275831770
  -0.0290973353
  -0.0180797521
  -0.0270123329
  -0.0289187272
  -0.0236688073
  -0.0187197667
  -0.0259117196
  -0.0245793719
  -0.0194391973
  -0.0173435314
  -0.0097255789
   0.0003567088
   0.0047165017
  -0.0006412362
   0.0067455581
   0.0020992684
  -0.0007485936
   0.0054182520
  -0.0045833748
  -0.0027814217
  -0.0091742292
   0.0020307809
  -0.0163749075
  -0.0206347191
  -0.0274424452
  -0.0203139814
  -0.0267287633
  -0.0332817543
  -0.0326618788
  -0.0247656921
  -0.0286187531
  -0.0350442627
  -0.0362454403
  -0.0336781148
  -0.0345732050
  -0.0358028150
  -0.0330353902
  -0.0253626135
  -0.0319326850
  -0.0308736832
  -0.0187267527
  -0.0246508166
  -0.0120234523
   0.0023155181
   0.0011031443
   0.0048140806
  -0.0009453206
   0.0018605528
   0.0014971017
   0.0007503970
  -0.0056584572
   0.0054167247
  -0.0130273591
  -0.0008190828
   0.0042770955
   0.0059832681
   0.0053452744
   0.0057183959
   0.0040821659
  -0.0004611733
   0.0007745814
  -0.0034287335
  -0.0004925089
   0.0005254326
   0.0003124700
   0.0008490822
  -0.0005725252
  -0.0061093688
  -0.0204364309
   0.0000250231
  -0.0037445730
   0.0228650532
   0.0256366877
   0.0234881006
   0.0320387489
   0.0263534874
   0.0240476788
   0.0225683144
   0.0326629007
   0.0269323274
   0.0239703531
   0.0224742755
   0.0338738013
   0.0272151209
   0.0234772358
   0.0272159892
   0.0096773862
  -0.0028926519
   0.0201745880
   0.0153235033
   0.0089468034
  -0.0004065360
  -0.0093168224
   0.0169118245
   0.0122586259
   0.0072205292
   0.0092529737
   0.0146069699
   0.0187266400
   0.0136476124
   0.0116207874
   0.0153494774
   0.0100926375
   0.0031439965
   0.0065587900
   0.0127257738
   0.0166078832
   0.0186451675
   0.0142264112
   0.0069599973
  -0.0057527306
   0.0097020804
  -0.0041400340
   0.0256937876
   0.0183671055
   0.0319730007
   0.0078316459
   0.0191604955
   0.0258523975
   0.0346135079
   0.0145843695
   0.0226991177
   0.0282953474
   0.0320213239
   0.0094293679
   0.0199732506
   0.0263516562
   0.0260814540
   0.0195562082
  -0.0019788006
   0.0033511051
  -0.0031302916
   0.0052494006
   0.0013384757
  -0.0090927031
   0.0030845887
  -0.0039985355
  -0.0037399760
   0.0012971417
   0.0022154697
   0.0004482002
  -0.0062279502
  -0.0019296697
   0.0027356318
   0.0029208325
  -0.0129133582
  -0.0022885381
   0.0028381515
   0.0043481057
  -0.0205065042
  -0.0049426678
   0.0022804493
  -0.0179592922
  -0.0045844278
   0.0022878296
  -0.0176837777
  -0.0084305237
  -0.0007167049
   0.0034022390
   0.0047097419
   0.0018998691
   0.0015752965
  -0.0022736242
   0.0003176773
   0.0033723918
   0.0027498811
   0.0023047262
  -0.0010781257
  -0.0015365021
  -0.0011699364
  -0.0005299669
  -0.0038083888
  -0.0059361060
  -0.0011277792
   0.0000845474
  -0.0010108675
  -0.0056674459
  -0.0147465057
  -0.0024702222
  -0.0104196624
  -0.0273366505
   0.0005986416
  -0.0023039844
  -0.0094158681
  -0.0255199768
  -0.0001979178
  -0.0009158504
  -0.0054027307
  -0.0151845268
  -0.0014741225
  -0.0015008914
  -0.0006402448
  -0.0040325522
  -0.0063335053
  -0.0003239224
  -0.0011595562
  -0.0080522912
  -0.0089765922
  -0.0019984037
  -0.0153892562
  -0.0045413130
  -0.0001544441
  -0.0108706287
  -0.0028873636
  -0.0107725421
   0.0158494521
   0.0202717933
   0.0196360997
   0.0196866127
   0.0167262118
   0.0176663130
   0.0135331035
   0.0066565634
  -0.0076047089
   0.0180428318
   0.0140012692
   0.0175577231
   0.0192061081
   0.0244204025
   0.0180642382
   0.0072123569
   0.0101168456
   0.0063714969
   0.0091220144
   0.0057869892
   0.0126064942
   0.0071305674
   0.0205494504
   0.0080634546
   0.0164160998
   0.0077236422
   0.0229184711
   0.0106057088
   0.0145683300
   0.0057886713
   0.0090376935
   0.0069999601
  -0.0012360771
  -0.0050192336
  -0.0030111325
  -0.0052647996
  -0.0085689074
  -0.0045293893
  -0.0105875732
  -0.0065722861
  -0.0100192660
  -0.0105052236
  -0.0020857946
  -0.0103699998
  -0.0104612061
  -0.0015001717
  -0.0110318511
  -0.0058668121
  -0.0073282188
  -0.0093230294
  -0.0036761323
  -0.0032826607
  -0.0064484655
  -0.0028236927
  -0.0020031587
   0.0017980839
   0.0025920261
   0.0002349849
   0.0026985649
   0.0006534765
   0.0027157570
   0.0040418343
   0.0035513545
   0.0043382615
   0.0028813395
   0.0032530310
  -0.0006825390
  -0.0012146133
  -0.0047079790
   0.0024791549
  -0.0050832539
  -0.0029409809
   0.0011722910
  -0.0098139668
  -0.0093537408
  -0.0163202071
  -0.0140963467
  -0.0151136057
  -0.0203953399
  -0.0200094333
  -0.0125389406
  -0.0207438598
  -0.0230729706
  -0.0201871485
  -0.0195316132
  -0.0232754164
  -0.0228411637
  -0.0196107181
  -0.0225921180
  -0.0205971969
  -0.0114348445
  -0.0187231947
  -0.0194654114
  -0.0151370715
  -0.0137764439
  -0.0128138645
  -0.0068054296
  -0.0003167671
   0.0027448399
  -0.0013310755
   0.0043137413
   0.0011744125
  -0.0017364657
   0.0030416745
  -0.0043634276
  -0.0029226149
  -0.0070249432
   0.0006290448
  -0.0128626073
  -0.0159627402
  -0.0212215581
  -0.0157235443
  -0.0247956422
  -0.0266846995
  -0.0238607987
  -0.0265658655
  -0.0294502309
  -0.0288963559
  -0.0246438083
  -0.0281229065
  -0.0302081755
  -0.0296445328
  -0.0261977520
  -0.0257821728
  -0.0287531537
  -0.0280282686
  -0.0231951328
  -0.0234873336
  -0.0250729696
  -0.0213063282
  -0.0142914574
  -0.0186323908
   0.0013930079
   0.0007980948
   0.0031544628
   0.0012891677
   0.0009747386
   0.0002787763
  -0.0038897091
   0.0034289414
  -0.0070207787
   0.0004278082
   0.0035238041
   0.0043510990
   0.0008976791
   0.0036593376
   0.0044790053
   0.0039889787
   0.0035794544
   0.0026842111
  -0.0006109171
   0.0003295841
  -0.0033220415
  -0.0107343972
  -0.0049257001
  -0.0011724264
  -0.0005027392
  -0.0003548251
  -0.0009066047
  -0.0039913033
  -0.0118222451
  -0.0005177279
  -0.0008132994
  -0.0017822557
  -0.0063827820
  -0.0036634440
   0.0207438372
   0.0270236452
   0.0229929529
   0.0211967484
   0.0199513694
   0.0276376361
   0.0234693789
   0.0213874089
   0.0200261695
   0.0282139292
   0.0237788132
   0.0212318503
   0.0288485991
   0.0238985823
   0.0209638642
   0.0236942673
  -0.0029191867
   0.0152820964
   0.0093698965
   0.0009896486
   0.0172664962
   0.0131147694
   0.0078074695
   0.0008276707
  -0.0045510451
   0.0145555847
   0.0104399600
   0.0064579060
   0.0080611664
   0.0126372912
   0.0160990330
   0.0116777005
   0.0096276409
   0.0128772480
   0.0082809336
   0.0029217134
   0.0055087678
   0.0107261768
   0.0140209264
   0.0157150067
   0.0118118122
   0.0056711160
  -0.0039525462
   0.0146026344
   0.0086730660
  -0.0009502878
   0.0270074063
   0.0157493126
   0.0217448453
   0.0304002394
   0.0134795420
   0.0199229366
   0.0247607041
   0.0303551022
   0.0138791678
   0.0201753818
   0.0249096878
   0.0270638740
   0.0166212283
   0.0222542401
   0.0219610346
   0.0164079900
   0.0021526373
  -0.0030644849
   0.0031984645
  -0.0007860860
   0.0030998475
  -0.0010038505
   0.0017212239
  -0.0040966077
  -0.0034445499
   0.0002351325
   0.0013611584
  -0.0004062402
  -0.0054096846
  -0.0024670711
   0.0013652158
   0.0018693358
  -0.0107853945
  -0.0027834431
   0.0014874445
   0.0029072416
   0.0020797014
  -0.0102598083
  -0.0019833080
   0.0022181674
  -0.0128920507
  -0.0082913159
  -0.0013453998
   0.0025344060
  -0.0122504546
  -0.0067777029
  -0.0011458812
   0.0021555496
   0.0032176605
   0.0012073026
   0.0007564191
  -0.0021792779
  -0.0004216000
   0.0020815008
   0.0018484771
   0.0012573339
  -0.0019090573
  -0.0019361832
  -0.0017659106
  -0.0015287212
  -0.0040984525
  -0.0054054168
  -0.0018251857
  -0.0009612081
  -0.0018531678
  -0.0054741003
  -0.0118420355
  -0.0017740599
  -0.0059937438
  -0.0142630520
  -0.0067920109
  -0.0176343891
  -0.0005437659
  -0.0017590091
  -0.0055698172
  -0.0135985537
  -0.0011803495
  -0.0018205604
  -0.0053834107
  -0.0123380818
  -0.0018120377
  -0.0020003768
  -0.0016201694
  -0.0042603802
  -0.0055496889
  -0.0010712944
  -0.0018982771
  -0.0075234086
  -0.0087421522
  -0.0029627128
  -0.0164674495
  -0.0064229025
  -0.0019010008
  -0.0178138074
  -0.0069777469
  -0.0022090612
  -0.0107401614
  -0.0039044655
  -0.0098142419
